1155 1555111555 65151555 555 5555511555 55115115 {mr 6155555155 5551515555 555 555 551155 155
5555 555 6551155155 &timet 1151555555551551 15 5551551115 4 &waben 555 amat: 1ὓ15τ5 1155555
1555 (111. 555511111555551551115115) 5151) 5555 55555155555555 5151151555ε55555555155555555551555511515
81, 59-140. 11. 1151555 1151151555 (1. 555 11. (5555515115115) s. 1555 2 515 5151515555, 5555
ς 14-31) 555 73—147 5551) 5555 555551555555551151151555555551555. ι

1555551555 51551555 555 (5555511555, 551555 &eulogie 1555515555 5511555, 55555 555 55555 1155151155
11565515 1155515155 15 555 555551155515555555 5555111. soie 15555155 55555 15 5551 1115515555 55155111, 5555
555551555 5555551151) 5551 6555555 55115.

1. mete 1155551555. 1151551515 11555555 6511155555, 1155555115, 15555155 5551155555 5551) tigata
bssfiffl} Θ55155 555 Verbum 5551) 53155111). (51515555 200 55555515 5555 14 (5555515555. (55151555
1 6555. 555. XII-mn. 5555111155 1155555555.

65551155 5 555 555 lv. 555 8 5555 555 111555551151115115 555 5555 555) 5555 1555155555 15 551515·

155555 1) 5551, 2) 55551, 3) 5155155, 4) 11155155, 5) born, 6) 5551555151), 1) 1355555151), 8) 53555555,

9) 551155, 10) 11555515 1515155, 11) ὓ5551155, 12) 5555555, 13) 5555515515.

11. 1111111555 1151551555. 1151551515 11555551555155 115555, 35111555 5551555555 regulare, 555555515ᾶῇ55
Nomina, 1155551155, 5555555555 mit 1115551555, 355τὶ5515555 555) 5115511555. 15515555 279 1155515515
15515155 5555555515 5515515 1115555555 5551111555 55551555, 5551115555. 1555. 1-1111. 6551511555

- 1151555555

1551515155 1 555 555 w„ 1 555 555 111. 555 4 5555 555 11. 51555αῇ55555 1) 51111555, 2) ῧ5551,

· 3) Bel), 4) 5115555, 5) 11155555, 6) 11115555

111Ἰ 1151555 5515511555. 1151551515 1515ῧ5555515555555 5155515555) 555 5555 Qut: 555 6551115555
515 5155515515 11555555, 1155155 1155555, Verba guttunlia. (5515555 332 1355555515. 1155551551555
55515115 5555555515 &fide 555 11155555. 655511ῑὶ5155 1155555555.

&metz 9 555 555 1.(5555551151115115 555 555555 1) 115551, 2) 3551155555, 3) 55555, 4) 15515,

5) 555555, 6) 1115555515, 7)131515, 8) 1355555555, 9) 55151555.

Β. 1515151155 555515.

-ᾲ

5115555 5555 5555115 815115 555 155515115555 mule.

551555 555 1155555155 bert 6555155155555 51551. - 1) 2555151155 65551555 cm B. G. 11 111 lv. V.‚1-37;
0551555555. 551 55Ι . 154 (v. 1-415) 555 m. 217 (v. 1-53); 5515511555 555 1555151155 1515515555555 551 5515555555·
15551555 555 5555 dyc 1155555555 15555511551515555555555 5155 555155 3555555155 555 655551515555555.--Ι 2) 0555551555
555151555555515555515555155555555 55555555515555515155
55551555 515 5555155, 1155155555 555 555551555ῗ5155 555 ξω) 55155955551555555 5355 65155551, ugus 5155555551 555 5155555
25555 §- 1-15 55515 ’355515151555555515515555 555 1551515155 1555515555555 5555515551 515555555555 155511. 5551515
1111131911111111111111151111311155 151’111115ῗ51,13“ 1119511111 »131111 313ώὲ1ξέ
ἓῖὁῼ-ἳθτ, 115555555 155 1551511555 1151155555 5555155 5515511555 115555,αῆιέ 5155555 im 5515555555 51555115 555
5111111511131113311113511313111111311131111913111531ῗὲ9 «1111111 5111111311

51551555555555555515555 555 51555515551151555555515 55555 »on 5555555555 5555155555 555 nutabat· 55555551555551ξ

6151555555 5555 5511555 355555 555 5551. 1551555555. - 5) 55155555155555555555 etnam) 555 5115551515 5555

2. 5555511151 555 551 5. -5 5555115511 555 1551555 5555115555 5555 115555) 8155555155) 555 1551515155 5515515555

51555 555 55555 5555555555 55 35555 5555155555 555 655555555555511555 5555 11551. or. 6515.

 

