6666661661.

6866 616 71 66 666 666666666166166 66 666 36661866ω 66666161666616666 666 6661661616
66 66666666 6666666 68 6666666666. §Die 66666666 66 6666616666 616616 61666 266. 66
661666 61136166 666 66666666 276, 666616 237 66666666, 37 66166666, 2 3666166.

66 66666666 616 66616166 666666 6616 1666666666 bet 66 3. octaba 6166666616 mmmmm:
gen in 66 66666666 61616666 2666 hurd> 66666, 6666, 216666 66 66666, 63666666 bet 6166166661 666
· 6666666666 66 616666 66 7. 66666.
66 10. 6666666 6666 66 66666 666 16666666 6116666166 61611666 6666 tinen 66 66666666

66666666 66666666 16166666661666666666666166666 66661166 666666 66616666 66666

11666 666666 66 36616666666ω 6666616666661616161666 6666661661 666666 616666 16 ,

66666 6666666 esne 6666666666 66 6666666611. 666 gut 66666666 66666166 661166166666666
666666 666166, 666 bet 66666 6661666666666 6666666666666666666 6616 6161661666 666 einen
66666 616 666616 6666666666 666661 66616 666. 6666 2666666 66666 66666 666 6661666 66 26. mo:
66666 66 66666 666 672 6. 67 rt. 66666666 mit 66 666666Ιί1666 6366166666, 666 66 6666 666666
„eine 61616666666666 gut 6666666666 1666166616 666 6666666 616666 bet 666616 ἲ. 6666666666,
6666166616 666 6666, 66 fid) 1666666661 66 666666 6616166666666666666, 6616 666 276666
66616666116666166 61661666, 666 666 6666 66666666 666 666 36666 6666666616 66666666 66
(6666661661 666 6666666 666166 66 einen 66 6666666666 6666666666 66666666 66666 6616 66
66661 66 66666 666 bet 66666666 6666666161 66616 66.” 6666 666666 66661 666 66. 6666661
666 66616 1661 6166666666666616 666 26 &ebrum 6. 6. 66 66666666 16666666Ιὶ66 (6166666666 et:
11661. 666 616666666616616616166) 66 &reuben 66 6666666666 66661, 6616 666 im 666666 bet 2166611
666 6666666666 666 {fn 66 666666 6666 6666661666 6666666616.

66 66 66 6666166666 666 6666666 66666116666666 656166 6666666 6666666666 66666666
6166166 66666 hurd) 66 6676 666 666666 61666666666616 6661666666666 66666616 666 babet 666
666 66661 36661 66 6666666 6666666.

666 66 29. 616666 6. ξς. 666 6666 6166666166 2666 666 66666 66 6666166666666666 66 6666
666 66661616666666 6666666666 6666666666 666 666666 666666 666 einen 66166666 666 99 6.
17 ft. 66 6666616 6666616 666666 ein 3 6. 36 6. 666 beu 6166666666 666 36666 181866 10 6. 48 6.
666 ciuem 6666616616. 6616666661 666661 {ein 666. 666 666 616616 666 6666 66 666661 §baur 6666
tet. 216 31666 666 bia gum 7. 616666 6. ξς. 6666666661216. 17 6. 666 666661 616661 6666616 3666 6.
6964 6. 61666666 666666 666 6666 11666666666666666 6616565, bet 66666 66 lv. 1616666666

1*

 

